AMG88xx pixels
-- Pixels Test --

[24.50, 24.50, 23.75, 22.50, 22.00, 22.25, 22.25, 24.50, 
24.25, 24.25, 25.25, 21.75, 21.50, 21.75, 22.25, 24.00, 
25.00, 25.75, 24.25, 21.25, 21.50, 21.50, 22.25, 24.75, 
23.75, 24.75, 23.25, 21.75, 21.00, 21.25, 21.75, 25.00, 
22.50, 25.50, 22.25, 21.00, 21.25, 21.00, 21.50, 25.25, 
22.25, 24.50, 21.75, 20.75, 20.50, 21.25, 21.75, 24.25, 
21.25, 21.50, 21.25, 21.25, 20.75, 21.00, 21.75, 23.75, 
22.00, 21.25, 21.50, 21.25, 22.25, 21.00, 21.50, 22.25, 
]

[24.25, 23.75, 23.25, 22.50, 23.00, 23.25, 23.25, 25.00, 
23.00, 22.75, 22.00, 22.50, 24.25, 25.50, 23.75, 24.25, 
22.25, 23.50, 24.00, 27.25, 28.00, 25.75, 25.75, 25.25, 
22.50, 24.50, 26.50, 28.50, 24.75, 22.50, 24.50, 26.00, 
22.75, 23.00, 25.00, 26.50, 22.75, 21.75, 24.25, 26.00, 
22.50, 22.50, 23.25, 23.25, 21.75, 21.50, 23.25, 24.75, 
21.75, 22.00, 21.75, 22.00, 21.50, 21.75, 22.50, 24.50, 
21.50, 22.00, 21.25, 21.50, 22.25, 22.25, 21.75, 23.75, 
]

[23.50, 23.75, 23.25, 22.75, 22.75, 23.50, 23.00, 25.00, 
22.00, 23.50, 22.00, 22.50, 25.00, 25.25, 23.75, 24.25, 
21.75, 22.75, 23.50, 27.25, 27.50, 25.50, 25.50, 24.25, 
22.00, 23.50, 26.50, 28.75, 25.25, 23.00, 24.25, 26.00, 
21.75, 22.75, 24.75, 26.75, 22.50, 22.25, 23.50, 25.25, 
21.75, 22.50, 24.00, 23.25, 21.75, 22.00, 23.00, 25.00, 
21.75, 22.00, 21.75, 22.00, 21.50, 21.75, 22.00, 24.25, 
21.75, 20.75, 20.75, 21.75, 22.00, 21.50, 21.50, 22.75, 
]

[23.25, 23.00, 22.50, 21.75, 22.00, 22.25, 22.00, 24.00, 
22.25, 22.25, 21.00, 20.75, 21.25, 21.75, 22.75, 23.25, 
22.00, 22.50, 21.75, 21.00, 21.75, 21.25, 23.75, 24.00, 
22.25, 23.50, 24.50, 21.50, 21.25, 21.25, 23.25, 24.50, 
23.00, 24.25, 23.75, 21.00, 21.00, 21.25, 22.00, 24.50, 
23.50, 21.50, 21.00, 20.75, 21.00, 21.00, 22.00, 24.75, 
22.25, 21.00, 21.00, 21.25, 21.00, 21.25, 21.75, 23.75, 
23.25, 21.25, 21.00, 21.25, 21.75, 21.75, 21.50, 22.25, 
]

[21.50, 21.75, 21.00, 20.75, 21.25, 22.50, 21.75, 21.50, 
20.75, 20.75, 21.50, 22.25, 22.25, 23.25, 22.75, 21.00, 
20.50, 21.00, 21.50, 22.00, 22.50, 24.25, 24.00, 22.00, 
21.00, 21.00, 20.50, 22.00, 23.75, 24.75, 25.00, 22.50, 
20.50, 20.75, 20.75, 21.00, 23.50, 25.25, 25.00, 22.50, 
21.00, 21.50, 20.75, 21.00, 23.00, 24.75, 24.25, 22.25, 
20.50, 21.00, 21.25, 21.00, 21.75, 25.50, 22.75, 22.25, 
21.25, 21.00, 20.75, 21.00, 21.25, 23.50, 22.00, 22.75, 
]

[20.50, 20.50, 20.75, 22.75, 22.75, 20.75, 20.50, 21.00, 
21.25, 21.25, 21.50, 23.50, 23.50, 21.75, 21.00, 20.50, 
20.25, 20.75, 23.00, 24.25, 23.75, 20.75, 21.50, 21.00, 
20.75, 21.00, 22.75, 24.00, 23.00, 21.00, 21.00, 21.00, 
21.00, 20.75, 21.75, 24.50, 21.50, 21.00, 20.75, 20.75, 
21.25, 21.25, 21.00, 22.75, 21.00, 21.00, 21.25, 20.75, 
20.25, 21.00, 20.25, 21.25, 21.00, 21.00, 21.00, 21.50, 
20.75, 20.50, 20.75, 20.75, 20.50, 21.25, 21.50, 21.00, 
]













AMG88xx pixels
-- Pixels Test --

[24.00, 25.00, 26.25, 28.00, 25.25, 21.25, 21.75, 24.00, 
25.75, 26.25, 29.00, 29.00, 27.00, 22.00, 21.50, 23.25, 
25.50, 26.75, 29.25, 29.00, 27.50, 21.75, 21.25, 23.25, 
25.75, 28.00, 29.75, 29.75, 27.75, 23.00, 22.00, 23.50, 
26.00, 28.50, 30.00, 29.25, 28.50, 26.50, 25.50, 22.25, 
26.75, 28.50, 29.75, 29.25, 28.50, 25.50, 22.25, 22.25, 
25.75, 27.25, 28.50, 28.00, 24.75, 22.00, 22.00, 21.75, 
25.25, 25.25, 25.25, 24.25, 21.75, 22.00, 21.75, 22.00, 
]

[21.00, 21.25, 21.50, 22.75, 23.00, 20.75, 20.75, 21.75, 
20.25, 21.25, 22.50, 23.75, 23.75, 20.75, 20.75, 21.75, 
20.25, 21.25, 23.00, 23.50, 23.75, 21.50, 21.25, 21.25, 
20.75, 21.25, 23.25, 23.75, 23.25, 22.75, 20.75, 21.50, 
20.75, 22.00, 24.50, 23.75, 25.00, 25.25, 21.25, 21.25, 
20.75, 22.25, 24.25, 23.75, 24.00, 23.75, 21.50, 21.00, 
21.00, 22.00, 23.75, 24.50, 23.75, 23.00, 21.50, 21.25, 
21.50, 21.00, 22.75, 24.75, 24.25, 22.25, 21.50, 21.00, 
]

[21.25, 21.00, 20.50, 21.00, 21.75, 21.00, 20.75, 21.00, 
20.50, 20.75, 20.25, 21.75, 21.75, 21.00, 20.25, 20.75, 
20.25, 20.25, 21.25, 22.50, 23.25, 20.75, 21.25, 21.25, 
20.00, 20.75, 21.00, 23.25, 23.25, 21.50, 20.75, 21.75, 
20.75, 20.50, 21.50, 23.75, 23.25, 21.25, 21.25, 20.75, 
20.75, 20.50, 21.00, 23.00, 23.50, 21.25, 20.50, 20.75, 
20.50, 20.75, 20.25, 23.00, 22.50, 20.75, 21.00, 21.50, 
20.50, 20.25, 20.25, 21.00, 21.25, 21.00, 21.50, 21.50, 
]

[28.50, 30.50, 30.50, 30.50, 31.00, 31.50, 30.75, 31.50, 
31.00, 30.75, 30.50, 31.25, 31.25, 31.75, 31.50, 31.75, 
31.00, 31.50, 31.00, 31.25, 31.50, 31.75, 32.00, 32.25, 
31.75, 31.00, 31.00, 31.50, 31.25, 32.00, 31.50, 32.00, 
30.75, 31.25, 31.25, 31.00, 31.00, 31.50, 31.00, 31.25, 
31.00, 31.75, 31.00, 30.75, 30.50, 31.50, 31.50, 32.00, 
31.00, 31.50, 31.00, 31.00, 31.00, 30.75, 31.50, 31.50, 
30.75, 30.75, 30.00, 30.25, 31.50, 30.50, 31.25, 30.75, 
]

[20.50, 20.25, 21.00, 21.25, 20.75, 20.50, 20.50, 20.25, 
20.75, 21.00, 21.50, 23.00, 24.25, 22.00, 21.00, 19.50, 
20.75, 21.75, 25.50, 29.25, 29.50, 27.00, 21.75, 20.25, 
20.50, 22.25, 28.75, 30.50, 31.25, 29.50, 22.50, 20.75, 
20.75, 21.50, 27.25, 30.50, 31.25, 28.75, 21.75, 20.50, 
20.75, 21.00, 22.00, 24.50, 25.50, 22.50, 20.75, 20.25, 
19.50, 20.50, 20.50, 20.75, 20.50, 20.75, 20.50, 20.50, 
19.75, 20.25, 20.00, 20.50, 19.75, 20.25, 20.50, 21.25, 
]

